129 100
111111111111111111111111111111111111111111111111111111111111111111111111111111111111111111111111111111111111111111111111111111111
111111111111111111111111111111111111111111111111111111111111111111111111111111111111111111111111111111111111111111111111111111111
111111111111111111111111111111111111111111111111111111111111111111111111111111111111111111111111111111111111111111111111111111111
111111111111111111111111111111111111111111111111111111111111111111111111111111111111111111111111111111111111111111111111111111111
111111111111111111111111111111111111111111111111111111111111111111111111111111111111111111111111111111111111111111111111111111111
111111111111111111111111111111111111111111111111111111111111111111111111111111111111111111111111111111111111111111111111111111111
111111111111111111111111000001111111110000111111111111111111111111110000111111111111111111111111111000011111111111111111111111111
111111111111111111111111011110001111111000001111111111111111111111111000001111111111111111111111111100000111111111111111111111111
111111111111111111111110011111101111111100001111111111111111111111111100000111111111111111111111111110000011111111111111111111111
111111111111111111111110111111000011111100001111111111111111111111111110000111111111111111111111111110000011111111111111111111111
111111111111111111111100110000000001111100001111111111111111111111111110000111111111111111111000111111000011111111111000111111111
111111111111111111110000000000000001111100001111111111111111100001111110000111111111100000000000011111000011111111110000011111111
111111111111111100000110000000110111111100001111111111111111110000111110000111111111100000000000011111000011111111110000011111111
111111111111110001111111100011110111111100001111111111111111110000011100000111111111111000011000011111000011111111110000011111111
111111111111100111111111100011110110000000001111111110000011111000000000000111111111111111111000011111000011111111110000011111111
111111111111001111111111100011110110000000001111111111000011111000000000000111111111111111111000111111000011111111111000011111111
111111111110011111000111100011110111100100001111111111100000000000111110000111111111111111110000111111000011111111111000011111111
111111111100111100110011100011110001111110001111111111100000000000111110000111111111110000000000011111000011111111111000011111111
111111111011111001111001100010000000111110001111111111100000111000111110000111111111100000000000111111000011111111111000011111111
111111111011110111111101100000000000111110001111111111100001111000111110000111111111110000011111111111000011111111111000111111111
111111110110001111111100100000000011111110011111111111100001111000111110000111111111111100111111111111000011111111111000111111111
111111100111111111111110111000111011111110011111111111110001111000000000000111111111111100011111111111000011111111111000111111111
111111101111111111111110111111111001111110111111111111110000000000000000000111111111111000011110000000000000001111111000111111111
111111101111111111111110111111111101111111111111111111110000000000110000000111111111111000000000000000000000000111111000111111111
111111101111111111111110111111111101110000011111111111110001111111111110000111111111111000000000000111000000000111111000111111111
111111101111111111111101111111000000000000001111111111111111111111111110000111111111111000000111111111000011111111111111111111111
111111101111111111111101111111100000000000001111111111111111111111111110000111111111111100111111111111000011111111111111111111111
111111101111111111111101111111100001111100001111111111111111111111111110000111111111111111111111111111000011111111111000111111111
111111101111111111111011111111110001111100001111111111111111111111111110001111111111111111111111111111000111111111110000011111111
111111101111111111111011111111110001111100011111111111111111111111111110001111111111111111111111111111000111111111110000011111111
111111101111111111110111111111110000111100011111111111111111111111111110001111111111111111111111111111000111111111111000111111111
111111101111111111110111111111110000111000011111111111111111111111111110001111111111111111111111111111100111111111111111111111111
111111001111111111100111111111111000000000011111111111111111111111111110011111111111111111111111111111101111111111111111111111111
111111011111111111101111111111110000000011111111111111111111111111111110011111111111111111111111111111001111111111111111111111111
111111001111111111101111111111110101111111111111111111111111111111111110111111111111111111111111111111111111111111111111111111111
111111110000111111011111111100101111111111111111111111111111111111111111111111111111111111111111111111111111111111111111111111111
111111111110011111011111111001101111111111111111111111111111111111111111111111111111111111111111111111111111111111111111111111111
111111111111100110111111111011101111111111111111111111111111111111111111111111111111111111111111111111111111111111111111111111111
111111111111110010111111111011101111111111111111111111111111111111111111111111111111111111111111111111111111111111111111111111111
111111111111111010111111111011110111111111111111111000000111111111111111111111111111111111111111111111111111111111111111111111111
111111111111111011111111110111110000111111111111100011111011111111111111111111111111111111111111111111111111111111111111111111111
111111111111111011111111110111111110000011111111001111111000111111111111111111111111111111111111111111111111111111111111111111111
111111111111111011111111110111111111111100000100111111111110000111111111111111111111111111111111111111111111111111111111111111111
111111111111111011111111110111111111111111111001111110011111110011111111111111111111111111111111111111111111111111111111111111111
111111111111111011111111110111111111111111111111111111011111111011111111111111111111111111111111111111111111111111111111111111111
111111111111110011111111110111110111111111111111111111011111111011111111111111111111111111111111111111111111111111111111111111111
111111111111110111111111110111110111111111111111111111011111111011111111111111111111111111111111111111111111111111111111111111111
111111111111110111111111110111110011111111111111111110011111111011111111111111111111111111111111111111111111111111111111111111111
111111111111110111111111110111111011111111111110000000000111111001111111111111111111111111111111111111111111111111111111111111111
111111111111110111111111110111111011111111110000111111110000011101111111111111111111111111111111111111111111111111111111111111111
111111111111110111111111110111111011111111000111111111111111000101111111111111111111111111111111111111111111111111111111111111111
111111111111110111111111110111111011111100011111111111111111111001111111111111111111111111111111111111111111111111111111111111111
111111111111110011111111110111111011111001111111111111111111111100111111111111111111110000000000011111111111111111111111111111111
111111111111111011111111110111111001110011100001111111111111111110011111111111111110000111111111000000001111111111111111111111111
111111111111111011111111110111111101110100001101111111111111111111001111111111100000111111111111111111100011111111111111111111111
111111111111111011111111110111111111100101111001111111111111111111100111111110001111111111111111111111111100111111111111111111111
111111111111111001111011110111111111001001111011111111111111111111110011111110111111111111111111111111111110011111111111111111111
111111111111111101111011110111111110011011110011111111111111111111111001111101111111111111111111111111111111011111111111111111111
111111111111111101111011110111111110111011100111111111111111111111111100111001111111111111111111111111111111001111111111111111111
111111111111111101111011110111111101111001001111111111111111111111111110110011111111111111111111111111111111101111111111111111111
111111111111111101111011110111111101111110011111111111111111111111111110101111111111111111111111110011111111110111111111111111111
111111111111111101111011110111111001111111111111111111111111111111111111001111111111111111111111110111111111111011111111111111111
111111111111111101111011111011111011111111111111111111111111111111111111011111111111111111111111100111111111111011111111111111111
111111111111111101111011111011111011111111111111111111111111111111111111101111111111111111111111001111111111111101111111111111111
111111111111111101111011111011110011111111111111111111111111111111111111101111111111111111111111011111111111111110111111111111111
111111111111111011111011111011110111111111111111111111111111111111111111100111111111111111111111011111111111111110001111111111111
111111111111111011111011111111110111111111111111111111111111111111111111110111111111111111111110111111111111111111100111111111111
111111111111111011111011111111100111111111111111111111111111111111111111110111111111111111111101111111111111111111110011111111111
111111111111111011111011111111101111111111111111111111111111111111111111110111111111111111111001111111111111111111111001111111111
111111111111111101111011111111101111111111111111111111111111111111111111110111111111111111111011111111111111111111111101111111111
111111111111111101111011111111001111111111111111111111111111111111111111110111111111111111111011111111111111111111111100111111111
111111111111111101111101111111011111111111111111111111111111111111111111110111111111111111110111111111111111111111111110111111111
111111111111111101111101111111011111111111111111111111111111111111111111110111111111111111110111111111111111111111111111011111111
111111111111111110111111111000011111111111111111111111111111111111111111110111111111111111110111111111111111111111111111101111111
111111111111111110011111110010011111111111111111111111111111111111111111110111111111111111100111111111111111111111111111100111111
111111111111111111011111110110011111111111111111111111111111111111111111110111111111111111101111111111111111111111111111110011111
001111111111111111001111100110111111111111111111111111111111111111111111110111111111111111001111111111111111111111111111111001111
100001111111111100101111101010111111111111111111111111111111111111111111110111111111111110011111111111111111111111111111111100111
101110000011000001101111101010111111111111111111111111111111111111111111110111111111111110111111111111111111111111111111111110001
001111111000100111101111100010111100000111111111111111111111111111111111110000111111111110111111111111111111111111111111111111111
010111111011001111101111100110111111111000001111111111111111111111111111110111011111111001110000011111111111111111111111111111111
110111111010011111101111101100111111111111100011111111111111111111111111110111011111110111100111001111111111111111111111111111111
110011111011111111101111101100111110000111111011111111111111000011111111110001001111101110001111100111111111111111111111101111111
111011111011111111101111100100111110110000111111111111111100111100011111110101101111000000111111110011111111111111111111001111111
111011110111111101110111110100111100111100001111111111111111111111111111110101001111000111111111111001111111111111111100111111101
110011110111111101111011110110111101111100100011111111111111111111111111101101011111011111111111111100000000001111111001111111001
110111110111111110111001110010111100111111111011111111000000001111111111100101011110011111111111111100000111110011110011111100011
101111110111111110111100111010111110111111111011111111011100100011111111100111011100011111111111111100111111111101100111110001111
001111110111111110011110111100111110011111111011111111011100111001111111100111011000111111111111111101111111111101111111100111111
011111100111111111011110111110111111001111110010111111001111111001111111101110011011111111111111111111111111111101111111001111111
100011101111111111011110011110111111110000000110111111101111110011111111011110110111111111111111111111111111111100111100111111111
111001000001111111001111011110111111111111111110111111110011000111111111011100100111111111111111111111111111111110110011111111111
111110011100110000101111011110011111111111111110111111111000011111111111011001101111111111111111111111111111111110001111111111111
111111111110000110000111101111011111111111111110111111111111111111111110110011101111111111111111111101111111111110111111111111111
111111111111111111100011101111011111111111111110111111111111111111111110100111001111111111111111000001111111111110011111111111111
111111111111111111110011100111011111111111111110111111111111111111111100001111011111111111111111000011111111111110001111111111111
111111111111111111111100110111001111111111111110111111111111111111111101111110011111111111111110000011111111111110000011111111111
111111111111111111111110010011101111111111111110111111111111111111111001111100111111111111111110000011111111111110000000111111111
111111111111111111111111011001101111111111111100111111111111111111111011111001111111111111111110000011111111111110010000011111111
111111111111111111111111001101101111111111111100011111111111111111110111111011111111111111111110000111111111111110010000001111111

129 60
111111111111111111111111101100110111111111111111111111111111111111100111110011111111111111111110000111111111111111111100000111111
111111111111111111111111101110110111111111111111111111111111111111101111110111111111111111111110000111111111111111111110000111111
111111111111111111111111101110010011111111111111111111111111111111001111101111111111111111111110001111111111111111111110000111111
111111111111111111111111101111011011111111110000011111111111111110011111001111111111111111111100001111111111110001111110000111111
111111111111111111111111101111011001111111110011000111111111111110111111011111111111111111111100001111111111100001111110000111111
111111111111111111111111101111001101111111111100001111111111111100111110011111111111111111111100001111111111100001111111000111111
111111111111111111111111110111101100111111111111111111111111111001111110111111111111111111111100001111111111000001111111000111111
111111111111111111111111110111101110011111111111111111111111100011111110111111111111111111111100001111111111000001111111000111111
111111111111111111111111110011101111000111111111111111111111001011111110111111111111111111111100011111111111000011111111000111111
111111111111111111111111111011100111110011111111111111111110011011100000111111111111111111111100011111111110000011111111000011111
111111111111111111111111111101110001100001111111111111111100110011001101111111111111111111111100011111111100000111111111111001111
111111111111111111111111111101111100001100111111111111110001101011011101111111111111111111111100011111111100001111111001111100111
111111111111111111111111111100111111100010011111111111100111001010011101111111111111111111111100111111111100001111110000111100111
111111111111111111111111111110111111111011000111111000011100010010111101111111111111111111111100111111111100011111110000011100011
111111111111111111111111111110111111111001100000000011111001100010111101111111111111111111111000111111111000011111100000011100011
111111111111111111111111111110111111111100110011111111000111001000111101111111111111111111111000111111110000111111100000111100011
111111111111111111111111111111011111111110011000111000011110011001111101111111111111111111111000111111110000111111100000111100011
111111111111111111111111111111001111111111001110000001111100111101111100111111111111111111111000111111100001111111100001111100011
111111111111111111111111111111100011111111100110000011100001111101111110111111111111111111111001111111000011111111000001111000011
111111111111111111111111111111111001111111110010111010001111111101111110011110001111111111110011111111000011111111000011110000111
111111111111111111111111111111111100011111111000111000111111111101110000001000000011111111100111111110000011111110000011000000111
111111111111111111111111111111111110000111111110111011111111111101110111100000000000001100001111111110000011111110000111000001111
111111111111111111111111111111111110110001111110111011111111111100111111110000000000000000011111111100000011111000001110000011111
111111111111111111111111111111111110001100111110111011111111111110011111111100000000000000111111111100000111111000001100000111111
111111111111111111111111111111111100000111000010110011111111111111001111111111000000000001111111111000001111110000011100001111111
111111111111111111111111111111111001100011111010000111111111111111100111111111111000000011001111100000001111100000111000011111111
111111111111111111111111111111110011110001111111111111111111111111100111111111111111110010000000000000011111000001110000111111111
111111111111111111111111111111110111111000111111111111111110001110001011111111111111111000000000000001111110000011100001111111111
111111111111111111111111111111100110011100011111111111111111110000111001111111111111111100000000000001111100000011000001111111111
111111111111111111111111111111001111001111001111111111111111111111111000011111111111111111000000000011111000001111000001111111111
111111111111111111111111111110011111100111100011111111111111111111110010000011111111111111111000000110000000001110000011111111111
111111111111111111111111111100111111110011110000011111111111111111000110111000011111111111111111000000000000011110000111111111111
111111111111111111111111111001111111111001110011011111111111100000011100111111000011111111111111011000000000111000001111111111111
111111111111111111111111110011111111111100111100000000000000000000111101111111111001111111111111011111000001110000011111111111111
111111111111111111111111100111111111110001011100000111010000000011111101111111111110000111111100011111110001100001111111111111111
111111111111111111111111001111111111111110000111110000000111111111111101111111111111110000000001111111111101000111111111111111111
111111111111111111111110011111111111111111100011111111100111111111111101111111111111111111111111111111111100011111111111111111111
111111111111111111111100111111111111111111111001111111111111111111111101111111111111111111111111111111111111111111111111111111111
111111111111111111111011111111111111111111111101111111111111111111111101111111111111111111111111111111111111111111111111111111111
111111111111111111110111111111111111111111111101111111111111111111111101111111111111111111111111111111111111111111111111111111111
111111111111111111101111111111111111111110111110111111111111111111111101111111111111111111111111111111111111111111111111111111111
111111111111111111001111111111111111111110111110011111111110011111111101111111111111111111111111111111111111111111111111111111111
111111111111111111011111111111111111111110111111001110000000111111111101111111111111111111111111111111111111111111111111111111111
111111111111111111011111111111111111111110111111000001111111111111111101111111111111111111111111111111111111111111111111111111111
111111111111111110111111111111111111111110111111010111111111111111111001111111111111111111111111111111111111111111111111111111111
111111111111111100111111111111111111111110111111010111111111111111111011111111111111111111111111111111111111111111111111111111111
111111111111111101111111111111111111111110111111010111111111111111110011111111111111111111111111111111111111111111111111111111111
111111111111111001111111111111111111111110111111010111111111111111100111111111111111111111111111111111111111111111111111111111111
111111111111111011111111111111111111111110111111010111111111111111101111111111111111111111111111111111111111111111111111111111111
111111111111111011111111111111111111111110111111010111111111111111001111111111111111111111111111111111111111111111111111111111111
111111111111111011111111111111111111111110111111010011111111111110011111111111111111111111111111111111111111111111111111111111111
111111111111111011111111111111111111111110111111011011111111111110111111111111111111111111111111111111111111111111111111111111111
111111111111111011111111111111111111111110111111011101111111111101111111111111111111111111111111111111111111111111111111111111111
111111111111110011111111111111111111111111011111011100111111111001111111111111111111111111111111111111111111111111111111111111111
111111111111110111111111111111111111111111011111011110111111111011111111111111111111111111111111111111111111111111111111111111111
111111111111110111111111111111111111111111011110111110111111100111111111111111111111111111111111111111111111111111111111111111111
111111111111110111111111111111111111111111101110111110111111001111111111111111111111111111111111111111111111111111111111111111111
111111111111110011111111111111111111111111101110111110000000011111111111111111111111111111111111111111111111111111111111111111111
111111111111111011111111111111111111111111111110111111111111111111111111111111111111111111111111111111111111111111111111111111111
111111111111111011111111111111111111111111111101111111111111111111111111111111111111111111111111111111111111111111111111111111111

