128 160
11111111111111111111111111111111111111111111111111111111111111111111111111111111111111111111111111111111111111111111111111111111
11111111111111111111111111111111111111111111111111111111111111111111111111111111111111111111111111111111111111111111111111111111
11111111111111111111111111111111111111111111111111111111111111111111111111111111111111111111111111111111111111111111111111111111
11111111111111111111111111111111111111111111111111111111111111111111111111111111111111111111111111111111111111111111111111111111
11111111111111111111111111111111111111111111111111111111111111111111111111111111111111111111111111111111111111111111111111111111
11111111111111111111111111111111111111111111111111111111111111111111111111111111111111111111111111111111111111111111111111111111
11111111111111111111111111111111111111111111111111111111111111111111111111111111111111111111111111111111111111111111111111111111
11111111111111111111111111111111111111111111111111111111111111111111111111111111111111111111111111111111111111111111111111111111
11111111111111111111111111111111111111111111111111111111111111111111111111111111111111111111111111111111111111111111111111111111
11111111111111111111111111111111111111111111111111111111111111111111111111111111111111111111111111111111111111111111111111111111
11111111111111111111111111111111111111111111111111111111111111111111111111111111111111111111111111111111111111111111111111111111
11111111111111111111111111111111111111111111111111111111111111111111111111111111111111111111111111111111111111111111111111111111
11111111111111111111111111111111111111111111111111111111111111111111111111111111111111111111111111111111111111111111111111111111
11111111111111111111111111111111111111111111111111111111111111111111111111111111111111111111111111111111111111111111111111111111
11111111111111111111111111111111111111111111111111111111111111111111111111111111111111111111111111111111111111111111111111111111
11111111111111111111111111111111111111111111111111111111111111111111111111111111111111111111111111111111111111111111111111111111
11111111111111111111111111111111111111111111111111111111111111111111111111111111111111111111111111111111111111111111111111111111
11111111111111111111111111111111111111111111111111111111111111111111111111111111111111111111111111111111111111111111111111111111
11111111111111111111111111111111111111111111111111111111111111111111111111111111111111111111111111111111111111111111111111111111
11111111111111111111111111111111111111111111111111111111111111111111111111111111111111111111111111111111111111100000111111111111
11111111111111111111111111111111111111111111111111111111111111111111111111111111111111111111111111111111111110000000111111111111
11111111111111111111111111111111111111111111111111111111111111111111111111111111111111111111111111000111111110000000111111111111
11111111111111111111111111111111111111111111111111111111111111111111111111111111111111111111111111000111111110000000111111111111
11111111111111110000111111111111111111111111111111111111111111111111111111111111111111111111111111000111111110001000011111111111
11111111111111100000111111111111111111111111111111111111111111111111111111111111111111111111111111000111111110001000011111111111
11111111111100000000111111111111111111111111111111111111111111111111111111111111111111111111111111000111111110001000011111111111
11111111110000000011111111111111111111111111111111111111111111111111111111111111111111111111111111000111111110001100011111111111
11111110000000000111111111111111111111111111111111111111111111111111111111111111111111111111111111000111111110001100011111111111
11111100000000111111111111111111111111111111111111111111111111111111111111111111111111111111111111000111111110001100011111111111
11111000000011111111111111100011111111111111111111111111111111111111111111111111111111111111111111000111111110001100011111111111
11110000001111111111111111100011111110001111111111111111111111111111100011111111111111111111111111000111111110001100011111111111
11110000111111111111111111100011111110001111111111111111111111111111100011111111111111111111111111000111111110001100011111111111
11110001111111111111111111100011111110001111111111111100011111111111100011111111111111111111111111000111111110001100011111111111
11110001111111111111111111100011111110001111111111111100011111111111100011111111111000000000000011000111111110001100011111111111
11110001111111111111111111100011111110001111111111111100011111111111100011111000000000000000000011000111111110001100011111111111
11110001111111111111111111100011111110001111111111111100011111111111100011111000000000000000000011000111111110001100011111111111
11110001111111111111111111100011111110001111111111111100011111111111100011111000000001111111100011000111111110001100011111111111
11110001111111111111111111100011111110001111111111111100011111111111100011111111111111111111100011000111111110001100011111111111
11110001111111111111111111100011111110001111111111111100011111111111100011111111111111111111100011000111111110001100011111111111
11110001111111111111111110000011111110001111111111111100011111111111100011111111111111111111100011000111111110001100011111111111
11110001111111111111111100000011111110001111111111111100011111111111100011111111111111111111100011000111111110001100011111111111
11110001111111111111111000000011111110001111111111111100011111111111100011111111111111111111100011000111111110001100011111111111
11110001111111111111111000000011111110001111111111111100011111111111100011111111111111111111100011000111111110001100011111111111
11110001111111111110000000000011111110001111111111111100011111111111100011111111111111111111100011000111111110001100011111111111
11110001111111100000000000100011111110001111111111111100011111111111100011111111111111111000000011000111111110001100011111111111
11110001111111000000000001100011111110001111111111111100001111111111100011111111111110000000000011000111111110001100011111111111
11110001111111000000011111100011111110001111111111111100001111111111100011111100000000000000000111000111111110000100011111111111
11110001111111000111111111100011111110001111111111111110001111111111100011111100000000000001111111000111111110000100011111111111
11110001111111111111111111100011111110001111111111111110001111111111100011111100000000011111111111000111111111000100011111111111
11110001111111111111111111100011111110001111111111111110001111111111100011111100011111111111111111000111111111000100011111111111
11110001111111111111111111100011111110001111111111111110001100000000000011111100011111111111111111000111111111000100011111111111
11110001111111111111111111100011111110001111111111111110000100000000000011111100011111111111111111000000000000000100011111111111
11110001111111111111111111100011111110001111111111111110000100000000000011111100011111111111111111000000000000000100011111111111
11110001111111111111111111100011111110001111111111111111000100011111100011111100011111111111111111000000000000000100011111111111
11110001111111111111111111100011111110001111111111111111000111111111100011111100011111111111111111000001111111000100011111111111
11110001111111111111111111100011111110001111111111111111000011111111100011111100011111111111111111000111111111000100011111111111
11110001111111111111111111100011111110000111111111111111000011111111100011111100011111111111111111000111111111000100011111111111
11110001111111111111111111100011111110000111111111111111100011111111100011111100011111111111111111000111111111000100011111111111
11110001111111111111111111100011111111000111111111111111100011111111100011111100011111111111111111000111111111000100011111111111
11110001111111111111000011100011111111000111111111111111100011000000000011111100011111111111111111000111111111000000011111111111
11110001111111111000000011100011111111000000000000000000000011000000000011111100011111111111111111000111111111000000011111111111
11110000000000000000000011100011111111000000000000000000000011000000000001111100011111111111111111000111111111100000011111111111
11110000000000000000001111100011111111000000000000000000000011111111100001111100011111111111111111000111111111100000011111111111
11110000000000000000111111100011111111000111111111111111100011111111110001111100011111111111111111000111111111100000011111111111
11111111111111111111111111111111111111000011111111111111100011111111110001111100011111111111111111000111111111110000011111111111
11111111111111111111111111000111111111000011111111111111100011111111110001111100011111111111111111000111111111111000011111111111
11111111111100000000000000000111111111100011111111111111100011111111110001111100001111111111111111000111111111111000011111111111
11111111111100000000000000000111111111100011111111111111100011111111110001111100000011111111111111000111111111111100011111111111
11111111111100000000000000000111111111100001111111111111000011111111110000111100000000111111111111000011111111111100001111111111
11111111111100011111111111000111111111100001111111111111000011111111110000111111000000000000000011000011111111111100001111111111
11111111111100011111111111000111111111110001111111111110000111111111111000111111110000000000000011100011111111111100001111111111
11111111111100011111111111000111111111110001111111111110000111111111111000111111111100000000000011100011111111111111111111111111
11111111111100011111111111000111111111110001111111111100001111111111111000011111111111111111111111100011111111111111111111111111
11111111111100011111111111000111111111110001111111111100001111111111111000011111111111111111111111100011111111111111111111111111
11111111111100011111111111000111111111110001111111111000011111111111111100011111111111111111111111100011111111111111111111111111
11111111111100011111111111000111111111110000011111111000011111111111111100011111111111111111111111100011111111111111111111111111
11111111111100011111111111000111111111110000000000000000111111111111111100001111111111111111111111100011111111111111111111111111
11111111111100011111111111000111111111111000000000000000111111111111111100001111111111111111111111100011111111111110001111111111
11111111111100011111111111000111111111111100000000000001111111111111111110001111111111111111111111100011111111111110000000111111
11111111111100011111111111000111111111111111111111111111111111111111111110001111111111111111111111111111111111111110000000011111
11111111111100011111111111000111111111111111111111111111111111111111111110001111111111111111111111111111111111111110000000001111
11111111111100011111111111000111111111111111111111111111111111111111111110001111111111111111111111111111111111111110001000000111
11111111111100011111111111000111111111111111111111111111111111111111111110001111111111111111111111111111111111111110001100000111
11111111111100011111111111000111111111111111111111111111111111111111111110001111111111111111111111111111111111111110001110000111
11111111111100011111111111000111111111111111111111111111111111111111111111111111111111111111111111111111111111111110000111000111
11111111111100011111111111000111111111111111111111111111111111111111111111111111111111111111111111111111111111111110000000000111
11111111111100011111111110000111111111111111111111111111111111111111111111111111111111111111111111111111111111111111000000000111
11111111111100011111111110000111111111111111111111111111111111111111111111111111111111111111111111111111111111111111100000000111
11111111111100011111111100001111111111111111111111111111111111111111111111111111111111111111111111111111111111111111111111111111
11111111111100011111111000001111111111111111111111111111111111111111111111111111111111111111111111111111111111111111111111111111
11111111111100001111100000011111111111111111111111111111111111111111111111111111111111111111111111111111111111111111111111111111
11111111111100000000000000011111111111111111111111111111111111111111111111111111111111111111111111111111111111111111111111111111
11111111111110000000000000111111111111111111111111111111111111111111111111111111111111111111111111111111111111111111111111111111
11111111111111000000000111111111111111111111111111111111111111111111111111111111111111111111111111111111111111111111111111111111
11111111111111111111111111111111111111111111111111111111111111111111111111111111111111111111111111111111111111111111111111111111
11111111111111111111111111111111111111111111111111111111111111111111111111111111111111111111111111111111111111111111111111111111
11111111111111111111111111111111111111111111111111111111111111111111111111111111111111111111111111111111111111111111111111111111
11111111111111111111111111111111111111111111111111111111111111111111111111111111111111111111111111111111111111111111111111111111
11111111111111111111111111111111111111111000000000000000111111111111111111111111000000000001111111111111111111111111111111111111
11111111111111111111111111111111111111110000000000000000001111111111111111111111000000000001111111111111111111111111111111111111
11111111111111111111111111111111111111110000000000000000000011111111111111111100000000000001111111111111111111111111111111111111
11111111111111111111111111111111111111110000111111111100000001111111111111111100011111111111111111111111111111111111111111111111
11111111111111111111111111111111111111110001111111111111000000011111111111111100011111111111111111111111111111111111111111111111
11111111111111111111111111111111111111110001111111111111110000001111111111111100011111111111111111111111111111111111111111111111
11111111111111111111111111111111111111110001111111111111111000001111111111111100011111111111111111111111111111111111111111111111
11111111111111111111111111111111111111110001111111111111111100001111111111111100011111111111111111111111111111111111111111111111
11111111111111111111111111111111111111110001111111111111111110001111111111111100011111111111111111111111111111111111111111111111
11111111111111111111111111111111111111110001111111111111111110001111111111111000011111111111111111111111111111111111111111111111
11111111111111111111111111111111111111110001111111111111111110001111111111111000011111111111111111111111111111111111111111111111
11111111111111111111111111111111111111110001111111111111111110001111111111111000111111111111111111111111111111111111111111111111
11111111111111111111111111111111111111110001111111111111111110001111111111111000111111111111111111111111111111111111111111111111
11111111111111111111111111111111111111110001111111111111111110001111111111111000111111111111111111111111111111111111111111111111
11111111111111111111111111111111111111110001111111111111111100001111111111110000111111111111111111111111111111111111111111111111
11111111111111111111111111100000000001110001111111111111110000001111111111110000111111111111111111111111111111111111111111111111
11111111111111111111111111100000000000110001111111111111110000011111111111100001111111111111111111111111111111111111111111111111
11111111111111111111111111100000000000110001111111111111000000111111111111100001111111111111111111111111111111111111111111111111
11111111111111111111111111110001110000110000111111111110000001111111111111000011111111111111110001111111111111111111111111111111
11111111111111111111111111110001111111110000111111100000000011111111111110000011111111111111110001111111111111111111111111111111
11111111111111111111111111110001111111111000000000000000001111111111111110000111111111111111110001111111111111111111111111111111
11111111111111111111111111110001111111111000000000000000011111111111111100001111111111111111110000111111111111111111111111111111
11111111111111111111111111110000111111111100000000000011111111111111110000001111111111111111110000111111111111111111111111111111
11111111111111111111111111110000111111111111111111100011111111111111000000011111111111111111110000111111111111111111111111111111
11111111111111111111111111110000011111111111111111100011111111111100000000111111111111111111110000111111111111111111111111111111
11111111111111111111111111111000011111111111111111100011111111110000000011111111111111111111110000111111111111111111111111111111
11111111111111111111111111111100011111111111111111100011111111100000001111111111111111111111110000111111111111111111111111111111
11111111111111111111111111111100001111111111111111100011111100000000111111111111111111111111100000111111111111111111111111111111
11111111111111111111111111111100001111111111111111100000000000000011111111111111111111111111100000111111111111111111111111111111
11111111111111111111111111111110000111111111111111100000000000000111111111111111111111100000000000111111111111111111111111111111
11111111111111111111111111111110000000000000000000000000000000111111111111111111111000000000000000111111111111111111111111111111
11111111111111111111111111111110000000000000000000000000011111111111111111000000000000000000000000111111111111111111111111111111
11111111111111111111111111111111100000000000000000000000011111111111100000000000000000000111111000111111111111111111111111111111
11111111111111111111111111111111111111111111111111111000111111110000000000000000000001111111111111111111111111111111111111111111
11111111111111111111111111111111111111111111111111111000011100000000000000001111111111111111111111111111111111111111111111111111
11111111111111111111111111111111111111111111111111111000000000000000000111111111111111111111111111111111111111111111111111111111
11111111111111111111111111111111111111111111111111111100000000000011111111111111111111111111111111111111111111111111111111111111
11111111111111111111111111111111111111111111111111111100000000111111111111111111111111111111111111111111111111111111111111111111
11111111111111111111111111111111111111111111111111111100000001111111111111111111111111111111111111111111111111111111111111111111
11111111111111111111111111111111111111111111111111111000001111111111111111111111111111111111111111111111111111111111111111111111
11111111111111111111111111111111111111111111111111100000001111111111111111111111111111111111111111111111111111111111111111111111
11111111111111111111111111111111111111111111111100000000111111111111111111111111111111111111111111111111111111111111111111111111
11111111111111111111111111111111111111111111110000000001111111111111111111111111111111111111111111111111111111111111111111111111
11111111111111111111111111111111111111111111110000000111111111111111111111111111111111111111111111111111111111111111111111111111
11111111111111111111111111111111111111111111110000111111111111111000111111111111111111111111111111111111111111111111111111111111
11111111111111111111111111111111111111111111110001111111111111111000011111111111111111111111111111111111111111111111111111111111
11111111111111111111111111111111111111111111110001111111111111111000001111111111111111111111111111111111111111111111111111111111
11111111111111111111111111111111111111111111110001111111111111100000001111111111111111111111111111111111111111111111111111111111
11111111111111111111111111111111111111111111110000001111111100000000001111111111111111111111111111111111111111111111111111111111
11111111111111111111111111111111111111111111110000000000000000000000000111111111111111111111111111111111111111111111111111111111
11111111111111111111111111111111111111111111110000000000000000000110000111111111111111111111111111111111111111111111111111111111
11111111111111111111111111111111111111111111111111000000000000111111000111111111111111111111111111111111111111111111111111111111
11111111111111111111111111111111111111111111111111111111111111111111000111111111111111111111111111111111111111111111111111111111
11111111111111111111111111111111111111111111111111111111111111111111111111111111111111111111111111111111111111111111111111111111
11111111111111111111111111111111111111111111111111111111111111111111111111111111111111111111111111111111111111111111111111111111
11111111111111111111111111111111111111111111111111111111111111111111111111111111111111111111111111111111111111111111111111111111
11111111111111111111111111111111111111111111111111111111111111111111111111111111111111111111111111111111111111111111111111111111
11111111111111111111111111111111111111111111111111111111111111111111111111111111111111111111111111111111111111111111111111111111
11111111111111111111111111111111111111111111111111111111111111111111111111111111111111111111111111111111111111111111111111111111
11111111111111111111111111111111111111111111111111111111111111111111111111111111111111111111111111111111111111111111111111111111
11111111111111111111111111111111111111111111111111111111111111111111111111111111111111111111111111111111111111111111111111111111
11111111111111111111111111111111111111111111111111111111111111111111111111111111111111111111111111111111111111111111111111111111

