000 000 001 111 100 000
000 000 111 100 111 000
000 011 100 000 001 100
000 110 000 000 000 100
001 100 000 000 000 110
011 000 000 000 000 010
110 000 000 000 000 010
100 000 000 000 000 011
100 000 000 000 000 001
100 000 000 000 000 011
110 000 000 000 000 010
011 000 000 000 000 010
001 100 000 000 000 110
000 110 000 000 001 100
000 011 111 111 111 000
000 000 000 100 000 000
000 000 000 100 000 000
000 000 000 100 000 011
000 000 001 100 000 111
000 000 001 000 000 111
000 000 001 000 000 010
000 000 001 100 000 110
000 000 111 110 000 100
000 111 001 011 111 100
001 100 001 000 000 000
001 000 001 000 000 000
011 000 001 000 000 000
010 000 001 000 000 000
111 000 001 100 000 000
111 000 001 100 000 000
110 000 011 110 000 000
000 000 010 010 000 000
000 000 110 001 000 000
000 000 100 001 100 000
000 001 100 000 100 000
111 111 000 000 010 000
111 000 000 000 010 000
011 000 000 000 010 000
001 100 000 000 011 000
000 110 000 000 011 111
