18 40
000 001 111 100 000 000
000 111 001 111 000 000
001 100 000 001 110 000
001 000 000 000 011 000
011 000 000 000 001 100
010 000 000 000 000 110
010 000 000 000 000 011
110 000 000 000 000 001
100 000 000 000 000 001
110 000 000 000 000 001
010 000 000 000 000 011
010 000 000 000 000 110
011 000 000 000 001 100
001 100 000 000 011 000
000 111 111 111 110 000
000 000 001 000 000 000
000 000 001 000 000 000
000 000 001 000 000 000
000 000 001 000 000 000
000 000 011 100 000 000
000 000 011 100 000 000
000 000 010 110 000 000
000 000 010 110 000 000
000 000 010 101 000 000
000 000 010 101 000 000
000 001 110 101 000 000
000 001 110 111 100 000
000 001 110 111 100 000
000 000 001 111 000 000
000 000 001 100 000 000
000 000 001 010 000 000
000 000 011 010 000 000
000 000 010 001 000 000
000 000 010 001 000 000
000 000 010 001 000 000
000 000 010 001 100 000
000 000 010 000 100 000
000 000 010 000 100 000
000 000 010 000 100 000
000 011 110 011 110 000
