30 40
000 000 011 000 000 000 000 000 000 000
000 000 111 110 000 000 000 000 000 000
000 001 000 001 100 000 000 000 000 000
000 110 000 000 110 000 000 000 000 000
001 100 000 000 010 000 000 000 000 000
011 000 000 000 001 000 000 000 000 000
010 000 000 000 001 000 000 000 000 000
100 000 000 000 001 000 000 000 000 000
100 000 000 000 001 000 000 000 000 000
100 000 000 000 001 000 000 000 000 000
100 000 000 000 010 000 000 000 001 000
110 000 000 000 110 000 000 000 001 100
010 000 000 001 100 000 000 000 011 100
001 100 011 111 000 000 000 000 111 111
000 111 111 000 000 000 000 000 100 111
000 000 001 000 000 000 000 001 100 000
000 000 110 111 111 000 000 001 000 000
000 001 000 010 000 111 000 011 000 000
000 001 000 011 000 001 100 110 000 000
000 011 000 001 000 011 001 100 000 000
000 111 001 101 101 100 011 000 000 000
000 111 011 111 110 001 110 000 000 000
000 000 011 110 010 011 000 000 000 000
000 000 001 100 001 110 000 000 000 000
000 000 000 000 001 100 000 000 000 000
000 000 000 000 011 000 000 000 000 000
000 000 000 000 010 000 000 000 000 000
000 000 000 000 010 000 000 000 000 000
000 000 000 000 010 000 000 000 000 000
000 000 000 000 010 000 000 000 000 000
000 000 000 000 010 000 000 000 000 000
000 000 000 000 010 000 000 000 000 000
000 000 000 000 010 000 000 000 000 000
000 000 000 000 010 000 000 000 000 000
000 000 000 000 010 000 000 000 000 000
000 000 000 000 001 000 000 000 000 000
000 000 000 000 001 000 000 000 000 000
000 000 000 000 001 000 000 000 000 000
000 000 000 000 001 100 000 000 000 000
000 000 000 011 111 110 000 000 000 000
