30 40
000 000 000 000 000 000 000 110 000 000
000 000 000 000 000 000 011 111 000 000
000 000 000 000 000 001 100 000 100 000
000 000 000 000 000 011 000 000 011 000
000 000 000 000 000 010 000 000 001 100
000 000 000 000 000 100 000 000 000 110
000 000 000 000 000 100 000 000 000 010
000 000 000 000 000 100 000 000 000 001
000 000 000 000 000 100 000 000 000 001
000 000 000 000 000 100 000 000 000 001
000 100 000 000 000 010 000 000 000 001
001 100 000 000 000 011 000 000 000 011
001 110 000 000 000 001 100 000 000 010
111 111 000 000 000 000 111 110 001 100
111 001 000 000 000 000 000 111 111 000
000 001 100 000 000 000 000 100 000 000
000 000 100 000 000 111 111 011 000 000
000 000 110 000 111 000 010 000 100 000
000 000 011 001 100 000 110 000 100 000
000 000 001 100 110 000 100 000 110 000
000 000 000 110 001 101 101 100 111 000
000 000 000 011 100 011 111 110 111 000
000 000 000 000 110 010 011 110 000 000
000 000 000 000 011 100 001 100 000 000
000 000 000 000 001 100 000 000 000 000
000 000 000 000 000 110 000 000 000 000
000 000 000 000 000 010 000 000 000 000
000 000 000 000 000 010 000 000 000 000
000 000 000 000 000 010 000 000 000 000
000 000 000 000 000 010 000 000 000 000
000 000 000 000 000 010 000 000 000 000
000 000 000 000 000 010 000 000 000 000
000 000 000 000 000 010 000 000 000 000
000 000 000 000 000 010 000 000 000 000
000 000 000 000 000 010 000 000 000 000
000 000 000 000 000 100 000 000 000 000
000 000 000 000 000 100 000 000 000 000
000 000 000 000 000 100 000 000 000 000
000 000 000 000 001 100 000 000 000 000
000 000 000 000 011 111 110 000 000 000
