18 36
000 000 000 110 000 000
000 000 001 111 100 000
000 001 110 000 110 000
000 011 000 000 011 000
000 010 000 000 000 100
000 100 000 000 000 100
000 100 011 000 000 100
000 101 111 100 000 110
111 101 111 100 000 010
111 101 111 100 000 010
111 100 111 000 000 010
111 110 010 000 000 110
011 111 011 000 011 100
000 101 111 111 110 000
000 100 010 110 000 000
000 110 010 011 000 000
000 011 010 011 100 000
000 001 111 110 100 000
000 000 011 000 110 000
000 000 001 111 110 000
000 000 000 000 010 000
000 000 000 000 010 000
000 000 000 000 010 000
000 000 000 000 010 000
000 000 000 000 010 000
000 000 000 000 010 000
000 000 000 000 010 000
000 000 000 001 110 000
000 000 001 111 010 000
000 000 011 000 011 000
000 000 100 000 001 100
000 001 100 000 000 100
000 001 000 000 000 110
000 001 000 000 000 010
000 001 000 000 000 010
000 111 100 000 011 110
