18 36
000 000 011 000 000 000
000 001 111 100 000 000
000 011 000 011 100 000
000 110 000 000 110 000
001 000 000 000 010 000
001 000 000 000 001 000
001 000 000 110 001 000
011 000 001 111 101 000
010 000 001 111 101 111
010 000 001 111 101 111
010 000 000 111 001 111
011 000 000 010 011 111
001 110 000 110 111 110
000 011 111 111 101 000
000 000 011 010 001 000
000 000 110 010 011 000
000 001 110 010 110 000
000 001 011 111 100 000
000 011 000 110 000 000
000 011 111 100 000 000
000 010 000 000 000 000
000 010 000 000 000 000
000 010 000 000 000 000
000 010 000 000 000 000
000 010 000 000 000 000
000 010 000 000 000 000
000 010 000 000 000 000
000 011 100 000 000 000
000 010 111 100 000 000
000 110 000 110 000 000
001 100 000 001 000 000
001 000 000 001 100 000
011 000 000 000 100 000
010 000 000 000 100 000
010 000 000 000 100 000
011 110 000 001 111 000
