30 30
000 000 000 000 000 000 000 000 000 000
000 000 011 000 000 000 000 000 000 000
000 000 111 111 110 000 000 000 000 000
000 011 000 000 011 000 000 000 000 000
000 010 000 000 001 100 000 000 000 000
000 010 000 000 000 100 000 000 000 000
000 100 000 000 000 100 000 000 000 000
000 100 000 000 000 100 000 000 000 000
001 000 000 000 000 100 000 000 000 000
001 000 000 000 000 100 000 000 000 000
001 000 000 000 000 100 000 000 000 000
001 000 000 000 001 000 000 000 000 000
001 000 000 000 001 000 000 000 000 000
000 111 000 000 010 001 100 000 000 000
000 001 111 111 110 011 100 000 000 000
000 000 000 010 000 011 100 000 000 000
000 011 100 010 000 001 000 000 000 110
000 110 111 110 000 001 000 000 000 010
001 100 000 111 100 011 000 000 000 011
011 000 000 100 111 100 000 000 000 001
010 001 100 100 000 000 000 000 000 011
010 001 110 110 000 000 000 111 111 110
011 111 100 011 111 111 111 000 000 000
000 000 000 000 110 000 000 000 000 000
000 000 000 001 100 000 000 000 000 000
000 000 000 111 000 000 000 000 000 000
000 000 011 100 000 011 000 000 000 000
000 000 010 000 011 111 100 000 000 000
000 000 011 111 100 000 110 000 000 000
000 000 000 000 000 000 000 000 000 000

