30 30
000 000 000 000 000 000 000 000 000 000
000 000 000 000 000 000 000 110 000 000
000 000 000 000 000 011 111 111 000 000
000 000 000 000 000 110 000 000 110 000
000 000 000 000 001 100 000 000 010 000
000 000 000 000 001 000 000 000 010 000
000 000 000 000 001 000 000 000 001 000
000 000 000 000 001 000 000 000 001 000
000 000 000 000 001 000 000 000 000 100
000 000 000 000 001 000 000 000 000 100
000 000 000 000 001 000 000 000 000 100
000 000 000 000 000 100 000 000 000 100
000 000 000 000 000 100 000 000 000 100
000 000 000 001 100 010 000 000 111 000
000 000 000 001 110 011 111 111 100 000
000 000 000 001 110 000 010 000 000 000
011 000 000 000 100 000 010 001 110 000
010 000 000 000 100 000 011 111 011 000
110 000 000 000 110 001 111 000 001 100
100 000 000 000 001 111 001 000 000 110
110 000 000 000 000 000 001 001 100 010
011 111 111 000 000 000 011 011 100 010
000 000 000 111 111 111 110 001 111 110
000 000 000 000 000 011 000 000 000 000
000 000 000 000 000 001 100 000 000 000
000 000 000 000 000 000 111 000 000 000
000 000 000 000 110 000 001 110 000 000
000 000 000 001 111 110 000 010 000 000
000 000 000 011 000 001 111 110 000 000
000 000 000 000 000 000 000 000 000 000
