21 40
000 000 000 111 110 000 000
000 000 111 000 001 110 000
000 001 000 000 000 011 000
000 001 000 000 000 001 100
000 011 000 000 000 000 100
000 010 000 000 000 000 100
000 010 000 000 000 000 100
000 010 000 000 000 000 100
000 010 000 000 000 000 100
000 011 100 000 000 000 100
000 001 110 000 000 001 100
000 000 011 100 000 111 000
000 000 000 111 111 100 000
000 000 000 011 000 000 000
000 000 000 110 000 000 000
000 000 000 100 111 000 000
000 000 000 100 111 000 000
000 000 011 000 111 000 110
000 000 111 000 100 001 111
000 000 111 111 111 111 111
000 000 011 101 000 000 110
000 000 010 111 000 000 000
000 000 010 010 000 000 000
000 000 010 000 000 000 000
000 000 110 000 000 000 000
000 000 100 000 000 000 000
000 000 100 111 100 000 000
000 000 111 000 010 000 000
000 000 110 000 010 000 000
000 000 100 000 010 000 000
000 001 000 000 001 000 000
000 001 000 000 001 000 000
000 001 000 000 001 000 000
000 010 000 000 010 000 000
000 010 000 000 010 000 000
000 110 000 000 010 000 000
001 100 000 000 010 000 000
011 000 000 000 100 000 000
110 000 000 000 100 000 000
011 110 000 000 111 100 000
