21 40
000 000 011 111 000 000 000
000 011 100 000 111 000 000
000 110 000 000 000 100 000
001 100 000 000 000 100 000
001 000 000 000 000 110 000
001 000 000 000 000 010 000
001 000 000 000 000 010 000
001 000 000 000 000 010 000
001 000 000 000 000 010 000
001 000 000 000 001 110 000
001 100 000 000 011 100 000
000 111 000 001 110 000 000
000 001 111 111 000 000 000
000 000 000 110 000 000 000
000 000 000 011 000 000 000
000 000 111 001 000 000 000
000 000 111 001 000 000 000
011 000 111 000 110 000 000
111 100 001 000 111 000 000
111 111 111 111 111 000 000
011 000 000 101 110 000 000
000 000 000 111 010 000 000
000 000 000 010 010 000 000
000 000 000 000 010 000 000
000 000 000 000 011 000 000
000 000 000 000 001 000 000
000 000 001 111 001 000 000
000 000 010 000 111 000 000
000 000 010 000 011 000 000
000 000 010 000 001 000 000
000 000 100 000 000 100 000
000 000 100 000 000 100 000
000 000 100 000 000 100 000
000 000 010 000 000 010 000
000 000 010 000 000 010 000
000 000 010 000 000 011 000
000 000 010 000 000 001 100
000 000 001 000 000 000 110
000 000 001 000 000 000 011
000 001 111 000 000 011 110
