18 40
000 000 001 111 100 000
000 000 111 100 111 000
000 011 100 000 001 100
000 110 000 000 000 100
001 100 000 000 000 110
011 000 000 000 000 010
110 000 000 000 000 010
100 000 000 000 000 011
100 000 000 000 000 001
110 000 000 000 000 001
010 000 000 000 000 001
010 000 000 000 000 010
011 100 000 000 000 110
000 100 000 000 001 100
000 111 000 001 111 000
000 001 111 111 000 000
000 000 000 100 000 000
000 000 001 100 000 000
000 000 111 100 000 000
000 001 101 100 001 110
000 011 001 100 001 110
000 010 001 110 011 110
000 110 111 011 110 000
000 100 111 000 000 000
000 111 111 000 000 000
000 000 001 000 000 000
000 000 001 000 000 000
000 000 001 000 000 000
000 000 001 000 000 000
000 000 001 000 000 000
000 000 011 111 000 000
000 000 010 001 100 000
000 000 100 000 100 000
000 000 100 000 100 000
000 001 100 000 100 000
000 001 000 000 100 000
000 011 000 000 100 000
000 010 000 000 100 000
000 110 000 001 000 000
001 111 100 001 111 100

