18 40
000 001 111 100 000 000
000 111 001 111 000 000
001 100 000 001 110 000
001 000 000 000 011 000
011 000 000 000 001 100
010 000 000 000 000 110
010 000 000 000 000 011
110 000 000 000 000 001
100 000 000 000 000 001
100 000 000 000 000 011
100 000 000 000 000 010
010 000 000 000 000 010
011 000 000 000 001 110
001 100 000 000 001 000
000 111 100 000 111 000
000 000 111 111 100 000
000 000 001 000 000 000
000 000 001 100 000 000
000 000 001 111 000 000
011 100 001 101 100 000
011 100 001 100 110 000
011 110 011 100 010 000
000 011 110 111 011 000
000 000 000 111 001 000
000 000 000 111 111 000
000 000 000 100 000 000
000 000 000 100 000 000
000 000 000 100 000 000
000 000 000 100 000 000
000 000 000 100 000 000
000 000 111 110 000 000
000 001 100 010 000 000
000 001 000 001 000 000
000 001 000 001 000 000
000 001 000 001 100 000
000 001 000 000 100 000
000 001 000 000 110 000
000 001 000 000 010 000
000 000 100 000 011 000
001 111 100 001 111 100
