// 걷기a 16x40
0000000111110000
0000011110011100
0001110000000110
0011000000000010
0110000000000011
1100000000000001
1000000000000001
1000000000000001
1000000000000001
1000000000000001
1100000000000001
0110000000000011
0010000000000011
0001100000000110
0000111111111100
0000000010000000
0000000010000000
0000000010000011
0000000110000111
0000000100000111
0000000100000010
0000000110000110
0000011111001000
0011100101110000
0010000100000000
0010000100000000
0110000100000000
0100000100000000
1110000110000000
1110000110000000
1100001111000000
0000001001000000
0000011000100000
0000010000110000
0000110000010000
1111100000001000
1100000000001000
0100000000001000
0110000000000100
0010000000001111

000 000 011 111 000 0
000 001 111 001 110 0
000 111 000 000 011 0
001 100 000 000 001 0
011 000 000 000 001 1
110 000 000 000 000 1
100 000 000 000 000 1
100 000 000 000 000 1
100 000 000 000 000 1
100 000 000 000 000 1
110 000 000 000 000 1
011 000 000 000 001 1
001 000 000 000 001 1
000 110 000 000 011 0
000 011 111 111 110 0
000 000 001 000 000 0
000 000 001 000 000 0
000 000 001 000 001 1
000 000 011 000 011 1
000 000 010 000 011 1
000 000 010 000 001 0
000 000 011 000 011 0
000 001 111 100 100 0
001 110 010 111 000 0
001 000 010 000 000 0
001 000 010 000 000 0
011 000 010 000 000 0
010 000 010 000 000 0
111 000 011 000 000 0
111 000 011 000 000 0
110 000 111 100 000 0
000 000 100 100 000 0
000 001 100 010 000 0
000 001 000 011 000 0
000 011 000 001 000 0
111 110 000 000 100 0
110 000 000 000 100 0
010 000 000 000 100 0
011 000 000 000 010 0
001 000 000 000 111 1
